20
0 1 2 3 4 5 6 7 8 9 10 11 12 13 14 15 16 17 18 19
432
6 7 8
0 7 10
0 15 19
0 1 17
3 5 18
0 1 13
0 3 13
3 5 8
3 5 10
9 12 17
6 9 11
0 9 10
3 11 17
3 12 14
6 9 17
3 7 8
15 16 19
3 17 18
6 7 10
0 14 18
3 13 16
0 12 17
3 9 17
9 10 17
6 8 18
0 10 19
6 12 17
9 13 18
9 10 14
0 11 13
0 5 10
6 17 19
12 17 19
0 3 14
0 6 16
9 12 18
6 10 14
6 11 16
15 16 17
0 1 6
3 6 18
3 5 17
3 4 5
3 6 14
3 4 17
0 11 14
0 2 4
0 1 18
6 8 14
3 7 17
0 3 9
6 12 13
9 12 15
3 11 19
0 2 5
6 10 17
12 13 16
9 12 14
3 8 9
0 10 13
3 17 19
9 11 14
3 15 19
0 4 17
0 9 17
3 11 12
0 16 19
3 14 18
6 8 16
0 12 14
12 16 18
3 6 19
0 11 19
0 12 18
9 10 19
0 15 16
12 15 19
6 7 9
3 9 16
0 5 7
9 15 16
6 7 13
6 7 12
3 7 11
0 1 7
15 16 18
9 17 18
3 10 15
6 7 15
0 6 12
0 6 18
0 9 15
0 7 14
0 12 16
3 12 18
0 3 16
0 6 10
0 10 12
0 16 17
0 2 9
9 15 19
9 11 12
0 2 11
0 6 17
12 14 19
0 10 14
3 15 16
9 13 14
0 15 18
0 14 17
9 14 15
3 9 11
12 17 18
0 4 8
0 5 15
0 8 12
9 10 13
3 10 19
6 11 14
0 7 9
0 17 19
3 12 19
3 4 19
0 1 16
6 7 16
3 10 11
3 5 15
3 7 12
6 12 15
3 4 13
9 14 17
0 8 17
6 8 12
6 14 15
0 4 7
0 3 8
3 5 6
3 8 18
0 9 12
0 14 16
15 17 19
0 4 13
3 5 12
3 8 17
3 6 17
3 12 16
9 15 17
6 14 16
9 16 18
0 11 15
9 14 16
9 11 13
3 7 9
9 10 11
6 16 17
0 5 18
6 9 16
6 13 17
0 9 19
0 4 10
0 3 7
0 3 18
15 17 18
3 10 13
12 16 19
9 15 18
6 15 16
3 9 14
9 14 19
0 5 16
0 3 4
3 7 14
3 4 10
6 13 16
3 6 8
3 6 16
3 10 16
0 1 8
0 9 11
0 3 12
3 16 18
3 8 15
3 13 19
12 14 16
3 4 14
6 7 14
0 11 12
0 11 18
3 8 12
0 8 9
6 12 19
0 14 19
0 1 15
0 5 19
6 10 11
0 5 13
0 13 16
3 9 13
0 7 11
0 4 5
3 4 12
0 2 17
12 13 15
3 10 14
9 13 19
6 15 19
0 7 13
9 12 13
9 13 15
0 6 8
3 6 9
12 13 19
3 7 16
9 11 18
0 3 19
0 2 12
0 16 18
6 8 10
6 8 11
6 9 10
0 1 3
0 5 8
9 17 19
0 2 18
3 5 16
0 4 11
0 4 16
12 13 17
12 14 15
6 9 15
3 4 7
0 7 16
6 16 19
3 7 15
0 13 19
0 2 13
9 12 19
0 9 18
0 4 6
6 12 16
0 1 11
0 5 9
0 11 16
0 5 14
0 1 4
6 13 18
0 10 15
6 10 15
0 13 18
3 16 17
3 4 18
6 10 12
3 11 15
6 9 19
0 1 12
3 13 17
6 11 18
6 13 19
3 9 12
9 13 16
0 2 19
3 7 10
6 14 18
3 11 13
0 13 15
0 8 11
6 7 17
6 15 17
0 6 15
0 4 18
0 5 12
3 7 19
3 8 10
0 3 15
3 14 17
3 4 16
0 1 5
0 1 19
6 11 19
9 10 18
3 14 15
12 15 16
6 8 19
9 13 17
6 11 13
12 15 18
9 16 17
3 4 8
0 14 15
0 9 14
6 13 14
6 17 18
3 4 6
3 11 14
12 15 17
0 4 9
0 1 2
0 7 15
6 7 11
0 2 7
6 11 17
3 10 17
0 1 10
3 5 14
3 7 13
0 6 9
6 14 17
0 7 17
3 13 18
3 8 16
0 13 14
6 9 18
0 2 10
6 11 15
6 7 19
3 5 7
3 6 13
3 15 18
0 8 19
6 10 18
3 12 15
3 10 12
0 17 18
0 12 19
3 4 9
0 3 5
3 11 18
0 2 3
3 4 15
6 9 12
0 5 17
0 12 15
0 3 6
3 6 7
3 8 13
0 8 16
3 16 19
0 6 19
3 9 19
6 14 19
3 12 17
0 15 17
6 15 18
0 4 19
3 10 18
6 12 18
6 10 16
6 13 15
0 4 12
0 18 19
0 9 16
9 12 16
6 9 14
3 18 19
0 1 14
12 13 14
9 16 19
0 11 17
0 4 14
0 8 13
6 16 18
3 13 14
6 11 12
3 11 16
0 2 16
0 1 9
0 2 15
0 2 8
3 6 15
9 14 18
0 7 18
0 6 14
3 15 17
9 10 15
0 3 17
6 12 14
6 7 18
0 10 16
0 9 13
3 5 11
3 14 16
12 14 18
6 9 13
3 6 12
0 6 13
3 7 18
12 14 17
3 9 18
3 9 10
0 2 14
0 8 18
3 5 13
0 3 11
3 13 15
6 18 19
0 5 6
0 8 15
12 16 17
0 10 17
6 8 15
12 13 18
0 3 10
3 12 13
0 8 14
6 8 13
0 13 17
3 14 19
0 7 12
3 5 19
3 9 15
3 5 9
0 5 11
0 4 15
3 8 14
0 10 18
6 8 9
3 8 19
0 7 8
6 10 19
3 6 10
6 8 17
0 6 7
6 10 13
3 4 11
0 8 10
9 10 12
0 2 6
0 12 13
0 7 19
0 6 11
9 10 16
0 10 11
